 i, j, ap, aw, ae, as, an, bp
     1     1    0.000000000000000E+00    0.000000000000000E+00    3.034283333987894E-86    0.000000000000000E+00    0.000000000000000E+00    0.000000000000000E+00
     1     2    1.000000000000000E+00    0.000000000000000E+00    0.000000000000000E+00    0.000000000000000E+00   -1.000000000000000E+00    0.000000000000000E+00
     1     3    1.000000000000000E+00    0.000000000000000E+00    0.000000000000000E+00    0.000000000000000E+00   -1.000000000000000E+00    0.000000000000000E+00
     1     4    1.000000000000000E+00    0.000000000000000E+00    0.000000000000000E+00    0.000000000000000E+00   -1.000000000000000E+00    0.000000000000000E+00
     1     5    1.000000000000000E+00    0.000000000000000E+00    0.000000000000000E+00    0.000000000000000E+00   -1.000000000000000E+00    0.000000000000000E+00
     1     6    1.000000000000000E+00    0.000000000000000E+00    0.000000000000000E+00    0.000000000000000E+00   -1.000000000000000E+00    0.000000000000000E+00
     1     7    1.000000000000000E+00    0.000000000000000E+00    0.000000000000000E+00    0.000000000000000E+00   -1.000000000000000E+00    0.000000000000000E+00
     1     8    1.000000000000000E+00    0.000000000000000E+00    0.000000000000000E+00    0.000000000000000E+00   -1.000000000000000E+00    0.000000000000000E+00
     1     9    1.000000000000000E+00    0.000000000000000E+00    0.000000000000000E+00    0.000000000000000E+00   -1.000000000000000E+00    0.000000000000000E+00
     1    10    1.000000000000000E+00    0.000000000000000E+00    0.000000000000000E+00    0.000000000000000E+00   -1.000000000000000E+00    0.000000000000000E+00
     1    11    1.000000000000000E+00    0.000000000000000E+00    0.000000000000000E+00    0.000000000000000E+00   -1.000000000000000E+00    0.000000000000000E+00
     1    12    1.000000000000000E+00    0.000000000000000E+00    0.000000000000000E+00    0.000000000000000E+00   -1.000000000000000E+00    0.000000000000000E+00
     1    13    0.000000000000000E+00    0.000000000000000E+00    0.000000000000000E+00    0.000000000000000E+00    0.000000000000000E+00    0.000000000000000E+00
     2     1    1.000000000000000E+00    0.000000000000000E+00   -1.000000000000000E+00    0.000000000000000E+00    0.000000000000000E+00    0.000000000000000E+00
     2     2    4.000000000000000E+00    1.000000000000000E+00    1.000000000000000E+00    1.000000000000000E+00    1.000000000000000E+00    0.000000000000000E+00
     2     3    4.000000000000000E+00    1.000000000000000E+00    1.000000000000000E+00    1.000000000000000E+00    1.000000000000000E+00    0.000000000000000E+00
     2     4    4.000000000000000E+00    1.000000000000000E+00    1.000000000000000E+00    1.000000000000000E+00    1.000000000000000E+00    0.000000000000000E+00
     2     5    4.000000000000000E+00    1.000000000000000E+00    1.000000000000000E+00    1.000000000000000E+00    1.000000000000000E+00    0.000000000000000E+00
     2     6    4.000000000000000E+00    1.000000000000000E+00    1.000000000000000E+00    1.000000000000000E+00    1.000000000000000E+00    0.000000000000000E+00
     2     7    4.000000000000000E+00    1.000000000000000E+00    1.000000000000000E+00    1.000000000000000E+00    1.000000000000000E+00    0.000000000000000E+00
     2     8    4.000000000000000E+00    1.000000000000000E+00    1.000000000000000E+00    1.000000000000000E+00    1.000000000000000E+00    0.000000000000000E+00
     2     9    4.000000000000000E+00    1.000000000000000E+00    1.000000000000000E+00    1.000000000000000E+00    1.000000000000000E+00    0.000000000000000E+00
     2    10    4.000000000000000E+00    1.000000000000000E+00    1.000000000000000E+00    1.000000000000000E+00    1.000000000000000E+00    0.000000000000000E+00
     2    11    4.000000000000000E+00    1.000000000000000E+00    1.000000000000000E+00    1.000000000000000E+00    1.000000000000000E+00    0.000000000000000E+00
     2    12    4.000000000000000E+00    1.000000000000000E+00    1.000000000000000E+00    1.000000000000000E+00    1.000000000000000E+00    0.000000000000000E+00
     2    13    1.000000000000000E+00   -1.000000000000000E+00    0.000000000000000E+00    0.000000000000000E+00    0.000000000000000E+00    0.000000000000000E+00
     3     1    1.000000000000000E+00    0.000000000000000E+00   -1.000000000000000E+00    0.000000000000000E+00    0.000000000000000E+00    0.000000000000000E+00
     3     2    4.000000000000000E+00    1.000000000000000E+00    1.000000000000000E+00    1.000000000000000E+00    1.000000000000000E+00    0.000000000000000E+00
     3     3    4.000000000000000E+00    1.000000000000000E+00    1.000000000000000E+00    1.000000000000000E+00    1.000000000000000E+00    0.000000000000000E+00
     3     4    4.000000000000000E+00    1.000000000000000E+00    1.000000000000000E+00    1.000000000000000E+00    1.000000000000000E+00    0.000000000000000E+00
     3     5    4.000000000000000E+00    1.000000000000000E+00    1.000000000000000E+00    1.000000000000000E+00    1.000000000000000E+00    0.000000000000000E+00
     3     6    4.000000000000000E+00    1.000000000000000E+00    1.000000000000000E+00    1.000000000000000E+00    1.000000000000000E+00    0.000000000000000E+00
     3     7    4.000000000000000E+00    1.000000000000000E+00    1.000000000000000E+00    1.000000000000000E+00    1.000000000000000E+00    0.000000000000000E+00
     3     8    4.000000000000000E+00    1.000000000000000E+00    1.000000000000000E+00    1.000000000000000E+00    1.000000000000000E+00    0.000000000000000E+00
     3     9    4.000000000000000E+00    1.000000000000000E+00    1.000000000000000E+00    1.000000000000000E+00    1.000000000000000E+00    0.000000000000000E+00
     3    10    4.000000000000000E+00    1.000000000000000E+00    1.000000000000000E+00    1.000000000000000E+00    1.000000000000000E+00    0.000000000000000E+00
     3    11    4.000000000000000E+00    1.000000000000000E+00    1.000000000000000E+00    1.000000000000000E+00    1.000000000000000E+00    0.000000000000000E+00
     3    12    4.000000000000000E+00    1.000000000000000E+00    1.000000000000000E+00    1.000000000000000E+00    1.000000000000000E+00    0.000000000000000E+00
     3    13    1.000000000000000E+00   -1.000000000000000E+00    0.000000000000000E+00    0.000000000000000E+00    0.000000000000000E+00    0.000000000000000E+00
     4     1    1.000000000000000E+00    0.000000000000000E+00   -1.000000000000000E+00    0.000000000000000E+00    0.000000000000000E+00    0.000000000000000E+00
     4     2    4.000000000000000E+00    1.000000000000000E+00    1.000000000000000E+00    1.000000000000000E+00    1.000000000000000E+00    0.000000000000000E+00
     4     3    4.000000000000000E+00    1.000000000000000E+00    1.000000000000000E+00    1.000000000000000E+00    1.000000000000000E+00    0.000000000000000E+00
     4     4    4.000000000000000E+00    1.000000000000000E+00    1.000000000000000E+00    1.000000000000000E+00    1.000000000000000E+00    0.000000000000000E+00
     4     5    4.000000000000000E+00    1.000000000000000E+00    1.000000000000000E+00    1.000000000000000E+00    1.000000000000000E+00    0.000000000000000E+00
     4     6    4.000000000000000E+00    1.000000000000000E+00    1.000000000000000E+00    1.000000000000000E+00    1.000000000000000E+00    0.000000000000000E+00
     4     7    4.000000000000000E+00    1.000000000000000E+00    1.000000000000000E+00    1.000000000000000E+00    1.000000000000000E+00    0.000000000000000E+00
     4     8    4.000000000000000E+00    1.000000000000000E+00    1.000000000000000E+00    1.000000000000000E+00    1.000000000000000E+00    0.000000000000000E+00
     4     9    4.000000000000000E+00    1.000000000000000E+00    1.000000000000000E+00    1.000000000000000E+00    1.000000000000000E+00    0.000000000000000E+00
     4    10    4.000000000000000E+00    1.000000000000000E+00    1.000000000000000E+00    1.000000000000000E+00    1.000000000000000E+00    0.000000000000000E+00
     4    11    4.000000000000000E+00    1.000000000000000E+00    1.000000000000000E+00    1.000000000000000E+00    1.000000000000000E+00    0.000000000000000E+00
     4    12    4.000000000000000E+00    1.000000000000000E+00    1.000000000000000E+00    1.000000000000000E+00    1.000000000000000E+00    0.000000000000000E+00
     4    13    1.000000000000000E+00   -1.000000000000000E+00    0.000000000000000E+00    0.000000000000000E+00    0.000000000000000E+00    0.000000000000000E+00
     5     1    1.000000000000000E+00    0.000000000000000E+00   -1.000000000000000E+00    0.000000000000000E+00    0.000000000000000E+00    0.000000000000000E+00
     5     2    4.000000000000000E+00    1.000000000000000E+00    1.000000000000000E+00    1.000000000000000E+00    1.000000000000000E+00    0.000000000000000E+00
     5     3    4.000000000000000E+00    1.000000000000000E+00    1.000000000000000E+00    1.000000000000000E+00    1.000000000000000E+00    0.000000000000000E+00
     5     4    4.000000000000000E+00    1.000000000000000E+00    1.000000000000000E+00    1.000000000000000E+00    1.000000000000000E+00    0.000000000000000E+00
     5     5    4.000000000000000E+00    1.000000000000000E+00    1.000000000000000E+00    1.000000000000000E+00    1.000000000000000E+00    0.000000000000000E+00
     5     6    4.000000000000000E+00    1.000000000000000E+00    1.000000000000000E+00    1.000000000000000E+00    1.000000000000000E+00    0.000000000000000E+00
     5     7    4.000000000000000E+00    1.000000000000000E+00    1.000000000000000E+00    1.000000000000000E+00    1.000000000000000E+00    0.000000000000000E+00
     5     8    4.000000000000000E+00    1.000000000000000E+00    1.000000000000000E+00    1.000000000000000E+00    1.000000000000000E+00    0.000000000000000E+00
     5     9    4.000000000000000E+00    1.000000000000000E+00    1.000000000000000E+00    1.000000000000000E+00    1.000000000000000E+00    0.000000000000000E+00
     5    10    4.000000000000000E+00    1.000000000000000E+00    1.000000000000000E+00    1.000000000000000E+00    1.000000000000000E+00    0.000000000000000E+00
     5    11    4.000000000000000E+00    1.000000000000000E+00    1.000000000000000E+00    1.000000000000000E+00    1.000000000000000E+00    0.000000000000000E+00
     5    12    4.000000000000000E+00    1.000000000000000E+00    1.000000000000000E+00    1.000000000000000E+00    1.000000000000000E+00    0.000000000000000E+00
     5    13    1.000000000000000E+00   -1.000000000000000E+00    0.000000000000000E+00    0.000000000000000E+00    0.000000000000000E+00    0.000000000000000E+00
     6     1    1.000000000000000E+00    0.000000000000000E+00   -1.000000000000000E+00    0.000000000000000E+00    0.000000000000000E+00    0.000000000000000E+00
     6     2    4.000000000000000E+00    1.000000000000000E+00    1.000000000000000E+00    1.000000000000000E+00    1.000000000000000E+00    0.000000000000000E+00
     6     3    4.000000000000000E+00    1.000000000000000E+00    1.000000000000000E+00    1.000000000000000E+00    1.000000000000000E+00    0.000000000000000E+00
     6     4    4.000000000000000E+00    1.000000000000000E+00    1.000000000000000E+00    1.000000000000000E+00    1.000000000000000E+00    0.000000000000000E+00
     6     5    4.000000000000000E+00    1.000000000000000E+00    1.000000000000000E+00    1.000000000000000E+00    1.000000000000000E+00    0.000000000000000E+00
     6     6    4.000000000000000E+00    1.000000000000000E+00    1.000000000000000E+00    1.000000000000000E+00    1.000000000000000E+00    0.000000000000000E+00
     6     7    4.000000000000000E+00    1.000000000000000E+00    1.000000000000000E+00    1.000000000000000E+00    1.000000000000000E+00    0.000000000000000E+00
     6     8    4.000000000000000E+00    1.000000000000000E+00    1.000000000000000E+00    1.000000000000000E+00    1.000000000000000E+00    0.000000000000000E+00
     6     9    4.000000000000000E+00    1.000000000000000E+00    1.000000000000000E+00    1.000000000000000E+00    1.000000000000000E+00    0.000000000000000E+00
     6    10    4.000000000000000E+00    1.000000000000000E+00    1.000000000000000E+00    1.000000000000000E+00    1.000000000000000E+00    0.000000000000000E+00
     6    11    4.000000000000000E+00    1.000000000000000E+00    1.000000000000000E+00    1.000000000000000E+00    1.000000000000000E+00    0.000000000000000E+00
     6    12    4.000000000000000E+00    1.000000000000000E+00    1.000000000000000E+00    1.000000000000000E+00    1.000000000000000E+00    0.000000000000000E+00
     6    13    1.000000000000000E+00   -1.000000000000000E+00    0.000000000000000E+00    0.000000000000000E+00    0.000000000000000E+00    0.000000000000000E+00
     7     1    1.000000000000000E+00    0.000000000000000E+00   -1.000000000000000E+00    0.000000000000000E+00    0.000000000000000E+00    0.000000000000000E+00
     7     2    4.000000000000000E+00    1.000000000000000E+00    1.000000000000000E+00    1.000000000000000E+00    1.000000000000000E+00    0.000000000000000E+00
     7     3    4.000000000000000E+00    1.000000000000000E+00    1.000000000000000E+00    1.000000000000000E+00    1.000000000000000E+00    0.000000000000000E+00
     7     4    4.000000000000000E+00    1.000000000000000E+00    1.000000000000000E+00    1.000000000000000E+00    1.000000000000000E+00    0.000000000000000E+00
     7     5    4.000000000000000E+00    1.000000000000000E+00    1.000000000000000E+00    1.000000000000000E+00    1.000000000000000E+00    0.000000000000000E+00
     7     6    4.000000000000000E+00    1.000000000000000E+00    1.000000000000000E+00    1.000000000000000E+00    1.000000000000000E+00    0.000000000000000E+00
     7     7    4.000000000000000E+00    1.000000000000000E+00    1.000000000000000E+00    1.000000000000000E+00    1.000000000000000E+00    0.000000000000000E+00
     7     8    4.000000000000000E+00    1.000000000000000E+00    1.000000000000000E+00    1.000000000000000E+00    1.000000000000000E+00    0.000000000000000E+00
     7     9    4.000000000000000E+00    1.000000000000000E+00    1.000000000000000E+00    1.000000000000000E+00    1.000000000000000E+00    0.000000000000000E+00
     7    10    4.000000000000000E+00    1.000000000000000E+00    1.000000000000000E+00    1.000000000000000E+00    1.000000000000000E+00    0.000000000000000E+00
     7    11    4.000000000000000E+00    1.000000000000000E+00    1.000000000000000E+00    1.000000000000000E+00    1.000000000000000E+00    0.000000000000000E+00
     7    12    4.000000000000000E+00    1.000000000000000E+00    1.000000000000000E+00    1.000000000000000E+00    1.000000000000000E+00    0.000000000000000E+00
     7    13    1.000000000000000E+00   -1.000000000000000E+00    0.000000000000000E+00    0.000000000000000E+00    0.000000000000000E+00    0.000000000000000E+00
     8     1    1.000000000000000E+00    0.000000000000000E+00   -1.000000000000000E+00    0.000000000000000E+00    0.000000000000000E+00    0.000000000000000E+00
     8     2    4.000000000000000E+00    1.000000000000000E+00    1.000000000000000E+00    1.000000000000000E+00    1.000000000000000E+00    0.000000000000000E+00
     8     3    4.000000000000000E+00    1.000000000000000E+00    1.000000000000000E+00    1.000000000000000E+00    1.000000000000000E+00    0.000000000000000E+00
     8     4    4.000000000000000E+00    1.000000000000000E+00    1.000000000000000E+00    1.000000000000000E+00    1.000000000000000E+00    0.000000000000000E+00
     8     5    4.000000000000000E+00    1.000000000000000E+00    1.000000000000000E+00    1.000000000000000E+00    1.000000000000000E+00    0.000000000000000E+00
     8     6    4.000000000000000E+00    1.000000000000000E+00    1.000000000000000E+00    1.000000000000000E+00    1.000000000000000E+00    0.000000000000000E+00
     8     7    4.000000000000000E+00    1.000000000000000E+00    1.000000000000000E+00    1.000000000000000E+00    1.000000000000000E+00    0.000000000000000E+00
     8     8    4.000000000000000E+00    1.000000000000000E+00    1.000000000000000E+00    1.000000000000000E+00    1.000000000000000E+00    0.000000000000000E+00
     8     9    4.000000000000000E+00    1.000000000000000E+00    1.000000000000000E+00    1.000000000000000E+00    1.000000000000000E+00    0.000000000000000E+00
     8    10    4.000000000000000E+00    1.000000000000000E+00    1.000000000000000E+00    1.000000000000000E+00    1.000000000000000E+00    0.000000000000000E+00
     8    11    4.000000000000000E+00    1.000000000000000E+00    1.000000000000000E+00    1.000000000000000E+00    1.000000000000000E+00    0.000000000000000E+00
     8    12    4.000000000000000E+00    1.000000000000000E+00    1.000000000000000E+00    1.000000000000000E+00    1.000000000000000E+00    0.000000000000000E+00
     8    13    1.000000000000000E+00   -1.000000000000000E+00    0.000000000000000E+00    0.000000000000000E+00    0.000000000000000E+00    0.000000000000000E+00
     9     1    1.000000000000000E+00    0.000000000000000E+00   -1.000000000000000E+00    0.000000000000000E+00    0.000000000000000E+00    0.000000000000000E+00
     9     2    4.000000000000000E+00    1.000000000000000E+00    1.000000000000000E+00    1.000000000000000E+00    1.000000000000000E+00    0.000000000000000E+00
     9     3    4.000000000000000E+00    1.000000000000000E+00    1.000000000000000E+00    1.000000000000000E+00    1.000000000000000E+00    0.000000000000000E+00
     9     4    4.000000000000000E+00    1.000000000000000E+00    1.000000000000000E+00    1.000000000000000E+00    1.000000000000000E+00    0.000000000000000E+00
     9     5    4.000000000000000E+00    1.000000000000000E+00    1.000000000000000E+00    1.000000000000000E+00    1.000000000000000E+00    0.000000000000000E+00
     9     6    4.000000000000000E+00    1.000000000000000E+00    1.000000000000000E+00    1.000000000000000E+00    1.000000000000000E+00    0.000000000000000E+00
     9     7    4.000000000000000E+00    1.000000000000000E+00    1.000000000000000E+00    1.000000000000000E+00    1.000000000000000E+00    0.000000000000000E+00
     9     8    4.000000000000000E+00    1.000000000000000E+00    1.000000000000000E+00    1.000000000000000E+00    1.000000000000000E+00    0.000000000000000E+00
     9     9    4.000000000000000E+00    1.000000000000000E+00    1.000000000000000E+00    1.000000000000000E+00    1.000000000000000E+00    0.000000000000000E+00
     9    10    4.000000000000000E+00    1.000000000000000E+00    1.000000000000000E+00    1.000000000000000E+00    1.000000000000000E+00    0.000000000000000E+00
     9    11    4.000000000000000E+00    1.000000000000000E+00    1.000000000000000E+00    1.000000000000000E+00    1.000000000000000E+00    0.000000000000000E+00
     9    12    4.000000000000000E+00    1.000000000000000E+00    1.000000000000000E+00    1.000000000000000E+00    1.000000000000000E+00    0.000000000000000E+00
     9    13    1.000000000000000E+00   -1.000000000000000E+00    0.000000000000000E+00    0.000000000000000E+00    0.000000000000000E+00    0.000000000000000E+00
    10     1    1.000000000000000E+00    0.000000000000000E+00   -1.000000000000000E+00    0.000000000000000E+00    0.000000000000000E+00    0.000000000000000E+00
    10     2    4.000000000000000E+00    1.000000000000000E+00    1.000000000000000E+00    1.000000000000000E+00    1.000000000000000E+00    0.000000000000000E+00
    10     3    4.000000000000000E+00    1.000000000000000E+00    1.000000000000000E+00    1.000000000000000E+00    1.000000000000000E+00    0.000000000000000E+00
    10     4    4.000000000000000E+00    1.000000000000000E+00    1.000000000000000E+00    1.000000000000000E+00    1.000000000000000E+00    0.000000000000000E+00
    10     5    4.000000000000000E+00    1.000000000000000E+00    1.000000000000000E+00    1.000000000000000E+00    1.000000000000000E+00    0.000000000000000E+00
    10     6    4.000000000000000E+00    1.000000000000000E+00    1.000000000000000E+00    1.000000000000000E+00    1.000000000000000E+00    0.000000000000000E+00
    10     7    4.000000000000000E+00    1.000000000000000E+00    1.000000000000000E+00    1.000000000000000E+00    1.000000000000000E+00    0.000000000000000E+00
    10     8    4.000000000000000E+00    1.000000000000000E+00    1.000000000000000E+00    1.000000000000000E+00    1.000000000000000E+00    0.000000000000000E+00
    10     9    4.000000000000000E+00    1.000000000000000E+00    1.000000000000000E+00    1.000000000000000E+00    1.000000000000000E+00    0.000000000000000E+00
    10    10    4.000000000000000E+00    1.000000000000000E+00    1.000000000000000E+00    1.000000000000000E+00    1.000000000000000E+00    0.000000000000000E+00
    10    11    4.000000000000000E+00    1.000000000000000E+00    1.000000000000000E+00    1.000000000000000E+00    1.000000000000000E+00    0.000000000000000E+00
    10    12    4.000000000000000E+00    1.000000000000000E+00    1.000000000000000E+00    1.000000000000000E+00    1.000000000000000E+00    0.000000000000000E+00
    10    13    1.000000000000000E+00   -1.000000000000000E+00    0.000000000000000E+00    0.000000000000000E+00    0.000000000000000E+00    0.000000000000000E+00
    11     1    1.000000000000000E+00    0.000000000000000E+00   -1.000000000000000E+00    0.000000000000000E+00    0.000000000000000E+00    0.000000000000000E+00
    11     2    4.000000000000000E+00    1.000000000000000E+00    1.000000000000000E+00    1.000000000000000E+00    1.000000000000000E+00    0.000000000000000E+00
    11     3    4.000000000000000E+00    1.000000000000000E+00    1.000000000000000E+00    1.000000000000000E+00    1.000000000000000E+00    0.000000000000000E+00
    11     4    4.000000000000000E+00    1.000000000000000E+00    1.000000000000000E+00    1.000000000000000E+00    1.000000000000000E+00    0.000000000000000E+00
    11     5    4.000000000000000E+00    1.000000000000000E+00    1.000000000000000E+00    1.000000000000000E+00    1.000000000000000E+00    0.000000000000000E+00
    11     6    4.000000000000000E+00    1.000000000000000E+00    1.000000000000000E+00    1.000000000000000E+00    1.000000000000000E+00    0.000000000000000E+00
    11     7    4.000000000000000E+00    1.000000000000000E+00    1.000000000000000E+00    1.000000000000000E+00    1.000000000000000E+00    0.000000000000000E+00
    11     8    4.000000000000000E+00    1.000000000000000E+00    1.000000000000000E+00    1.000000000000000E+00    1.000000000000000E+00    0.000000000000000E+00
    11     9    4.000000000000000E+00    1.000000000000000E+00    1.000000000000000E+00    1.000000000000000E+00    1.000000000000000E+00    0.000000000000000E+00
    11    10    4.000000000000000E+00    1.000000000000000E+00    1.000000000000000E+00    1.000000000000000E+00    1.000000000000000E+00    0.000000000000000E+00
    11    11    4.000000000000000E+00    1.000000000000000E+00    1.000000000000000E+00    1.000000000000000E+00    1.000000000000000E+00    0.000000000000000E+00
    11    12    4.000000000000000E+00    1.000000000000000E+00    1.000000000000000E+00    1.000000000000000E+00    1.000000000000000E+00    0.000000000000000E+00
    11    13    1.000000000000000E+00   -1.000000000000000E+00    0.000000000000000E+00    0.000000000000000E+00    0.000000000000000E+00    0.000000000000000E+00
    12     1    1.000000000000000E+00    0.000000000000000E+00   -1.000000000000000E+00    0.000000000000000E+00    0.000000000000000E+00    0.000000000000000E+00
    12     2    4.000000000000000E+00    1.000000000000000E+00    1.000000000000000E+00    1.000000000000000E+00    1.000000000000000E+00    0.000000000000000E+00
    12     3    4.000000000000000E+00    1.000000000000000E+00    1.000000000000000E+00    1.000000000000000E+00    1.000000000000000E+00    0.000000000000000E+00
    12     4    4.000000000000000E+00    1.000000000000000E+00    1.000000000000000E+00    1.000000000000000E+00    1.000000000000000E+00    0.000000000000000E+00
    12     5    4.000000000000000E+00    1.000000000000000E+00    1.000000000000000E+00    1.000000000000000E+00    1.000000000000000E+00    0.000000000000000E+00
    12     6    4.000000000000000E+00    1.000000000000000E+00    1.000000000000000E+00    1.000000000000000E+00    1.000000000000000E+00    0.000000000000000E+00
    12     7    4.000000000000000E+00    1.000000000000000E+00    1.000000000000000E+00    1.000000000000000E+00    1.000000000000000E+00    0.000000000000000E+00
    12     8    4.000000000000000E+00    1.000000000000000E+00    1.000000000000000E+00    1.000000000000000E+00    1.000000000000000E+00    0.000000000000000E+00
    12     9    4.000000000000000E+00    1.000000000000000E+00    1.000000000000000E+00    1.000000000000000E+00    1.000000000000000E+00    0.000000000000000E+00
    12    10    4.000000000000000E+00    1.000000000000000E+00    1.000000000000000E+00    1.000000000000000E+00    1.000000000000000E+00    0.000000000000000E+00
    12    11    4.000000000000000E+00    1.000000000000000E+00    1.000000000000000E+00    1.000000000000000E+00    1.000000000000000E+00    0.000000000000000E+00
    12    12    4.000000000000000E+00    1.000000000000000E+00    1.000000000000000E+00    1.000000000000000E+00    1.000000000000000E+00    0.000000000000000E+00
    12    13    1.000000000000000E+00   -1.000000000000000E+00    0.000000000000000E+00    0.000000000000000E+00    0.000000000000000E+00    0.000000000000000E+00
    13     1    0.000000000000000E+00    0.000000000000000E+00    1.276338102166783-152    0.000000000000000E+00    0.000000000000000E+00    0.000000000000000E+00
    13     2    1.000000000000000E+00    0.000000000000000E+00    0.000000000000000E+00   -1.000000000000000E+00    0.000000000000000E+00    2.846296765465703E-01
    13     3    1.000000000000000E+00    0.000000000000000E+00    0.000000000000000E+00   -1.000000000000000E+00    0.000000000000000E+00    8.308300260037728E-01
    13     4    1.000000000000000E+00    0.000000000000000E+00    0.000000000000000E+00   -1.000000000000000E+00    0.000000000000000E+00    1.309721467890570E+00
    13     5    1.000000000000000E+00    0.000000000000000E+00    0.000000000000000E+00   -1.000000000000000E+00    0.000000000000000E+00    1.682507065662362E+00
    13     6    1.000000000000000E+00    0.000000000000000E+00    0.000000000000000E+00   -1.000000000000000E+00    0.000000000000000E+00    1.918985947228995E+00
    13     7    1.000000000000000E+00    0.000000000000000E+00    0.000000000000000E+00   -1.000000000000000E+00    0.000000000000000E+00    2.000000000000000E+00
    13     8    1.000000000000000E+00    0.000000000000000E+00    0.000000000000000E+00   -1.000000000000000E+00    0.000000000000000E+00    1.918985947228995E+00
    13     9    1.000000000000000E+00    0.000000000000000E+00    0.000000000000000E+00   -1.000000000000000E+00    0.000000000000000E+00    1.682507065662362E+00
    13    10    1.000000000000000E+00    0.000000000000000E+00    0.000000000000000E+00   -1.000000000000000E+00    0.000000000000000E+00    1.309721467890570E+00
    13    11    1.000000000000000E+00    0.000000000000000E+00    0.000000000000000E+00   -1.000000000000000E+00    0.000000000000000E+00    8.308300260037727E-01
    13    12    1.000000000000000E+00    0.000000000000000E+00    0.000000000000000E+00   -1.000000000000000E+00    0.000000000000000E+00    2.846296765465703E-01
    13    13    0.000000000000000E+00    0.000000000000000E+00    0.000000000000000E+00    0.000000000000000E+00    0.000000000000000E+00    0.000000000000000E+00
